0.000000 0.000000 -0.012167 -0.000000 0.000000 0.000000 0.000000 0.000000 0.000000
10.000000 0.000000 0.054500 -0.000000 0.000000 0.000000 0.000000 0.000000 0.000000
20.000000 0.000000 0.127833 -0.000000 0.000000 0.000000 0.000000 0.000000 0.000000
30.000000 0.000000 0.197834 -0.000000 0.000000 0.000000 0.000000 0.000000 0.000000
40.000000 0.000000 0.266167 -0.000000 0.000000 0.000000 0.000000 0.000000 0.000000
50.000000 0.000000 0.336167 -0.000000 0.000000 0.000000 0.000000 0.000000 0.000000
60.000000 0.000000 0.409500 -0.000000 0.000000 0.000000 0.000000 0.000000 0.000000
70.000000 0.000000 0.484500 -0.000000 0.000000 0.000000 0.000000 0.000000 0.000000
80.000000 0.000000 0.556167 -0.000000 0.000000 0.000000 0.000000 0.000000 0.000000
90.000000 0.000000 0.624500 -0.000000 0.000000 0.000000 0.000000 0.000000 0.000000
100.000000 0.000000 0.689500 -0.000000 0.000000 0.000000 0.000000 0.000000 0.000000
110.000000 0.000000 0.752833 -0.000000 0.000000 0.000000 0.000000 0.000000 0.000000
120.000000 0.000000 0.814500 -0.000000 0.000000 0.000000 0.000000 0.000000 0.000000
130.000000 0.000000 0.874500 -0.000000 0.000000 0.000000 0.000000 0.000000 0.000000
140.000000 0.000000 0.934500 -0.000000 0.000000 0.000000 0.000000 0.000000 0.000000
150.000000 0.000000 0.992833 -0.000000 0.000000 0.000000 0.000000 0.000000 0.000000
160.000000 0.000000 1.046166 -0.000000 0.000000 0.000000 0.000000 0.000000 0.000000
170.000000 0.000000 1.102833 -0.000000 0.000000 0.000000 0.000000 0.000000 0.000000
180.000000 0.000000 1.151167 -0.000000 0.000000 0.000000 0.000000 0.000000 0.000000
180.000000 10.000000 1.146167 -0.000000 0.000000 0.000000 0.000000 0.000000 0.000000
170.000000 10.000000 1.094500 -0.000000 0.000000 0.000000 0.000000 0.000000 0.000000
160.000000 10.000000 1.041167 -0.000000 0.000000 0.000000 0.000000 0.000000 0.000000
150.000000 10.000000 0.987833 -0.000000 0.000000 0.000000 0.000000 0.000000 0.000000
140.000000 10.000000 0.927833 -0.000000 0.000000 0.000000 0.000000 0.000000 0.000000
130.000000 10.000000 0.869500 -0.000000 0.000000 0.000000 0.000000 0.000000 0.000000
120.000000 10.000000 0.809500 -0.000000 0.000000 0.000000 0.000000 0.000000 0.000000
110.000000 10.000000 0.746167 -0.000000 0.000000 0.000000 0.000000 0.000000 0.000000
100.000000 10.000000 0.687833 -0.000000 0.000000 0.000000 0.000000 0.000000 0.000000
90.000000 10.000000 0.622833 -0.000000 0.000000 0.000000 0.000000 0.000000 0.000000
80.000000 10.000000 0.554500 -0.000000 0.000000 0.000000 0.000000 0.000000 0.000000
70.000000 10.000000 0.486167 -0.000000 0.000000 0.000000 0.000000 0.000000 0.000000
60.000000 10.000000 0.414500 -0.000000 0.000000 0.000000 0.000000 0.000000 0.000000
50.000000 10.000000 0.344500 -0.000000 0.000000 0.000000 0.000000 0.000000 0.000000
40.000000 10.000000 0.274500 -0.000000 0.000000 0.000000 0.000000 0.000000 0.000000
30.000000 10.000000 0.202833 -0.000000 0.000000 0.000000 0.000000 0.000000 0.000000
20.000000 10.000000 0.134500 -0.000000 0.000000 0.000000 0.000000 0.000000 0.000000
10.000000 10.000000 0.062834 -0.000000 0.000000 0.000000 0.000000 0.000000 0.000000
0.000000 10.000000 -0.008834 -0.000000 0.000000 0.000000 0.000000 0.000000 0.000000
0.000000 20.000000 -0.012167 -0.000000 0.000000 0.000000 0.000000 0.000000 0.000000
10.000000 20.000000 0.056167 -0.000000 0.000000 0.000000 0.000000 0.000000 0.000000
20.000000 20.000000 0.127833 -0.000000 0.000000 0.000000 0.000000 0.000000 0.000000
30.000000 20.000000 0.194500 -0.000000 0.000000 0.000000 0.000000 0.000000 0.000000
40.000000 20.000000 0.262833 -0.000000 0.000000 0.000000 0.000000 0.000000 0.000000
50.000000 20.000000 0.331167 -0.000000 0.000000 0.000000 0.000000 0.000000 0.000000
60.000000 20.000000 0.404500 -0.000000 0.000000 0.000000 0.000000 0.000000 0.000000
70.000000 20.000000 0.476167 -0.000000 0.000000 0.000000 0.000000 0.000000 0.000000
80.000000 20.000000 0.541167 -0.000000 0.000000 0.000000 0.000000 0.000000 0.000000
90.000000 20.000000 0.616167 -0.000000 0.000000 0.000000 0.000000 0.000000 0.000000
100.000000 20.000000 0.679500 -0.000000 0.000000 0.000000 0.000000 0.000000 0.000000
110.000000 20.000000 0.741167 -0.000000 0.000000 0.000000 0.000000 0.000000 0.000000
120.000000 20.000000 0.801167 -0.000000 0.000000 0.000000 0.000000 0.000000 0.000000
130.000000 20.000000 0.859500 -0.000000 0.000000 0.000000 0.000000 0.000000 0.000000
140.000000 20.000000 0.921167 -0.000000 0.000000 0.000000 0.000000 0.000000 0.000000
150.000000 20.000000 0.976166 -0.000000 0.000000 0.000000 0.000000 0.000000 0.000000
160.000000 20.000000 1.031167 -0.000000 0.000000 0.000000 0.000000 0.000000 0.000000
170.000000 20.000000 1.086166 -0.000000 0.000000 0.000000 0.000000 0.000000 0.000000
180.000000 20.000000 1.136167 -0.000000 0.000000 0.000000 0.000000 0.000000 0.000000
180.000000 30.000000 1.122833 -0.000000 0.000000 0.000000 0.000000 0.000000 0.000000
170.000000 30.000000 1.072833 -0.000000 0.000000 0.000000 0.000000 0.000000 0.000000
160.000000 30.000000 1.017833 -0.000000 0.000000 0.000000 0.000000 0.000000 0.000000
150.000000 30.000000 0.966166 -0.000000 0.000000 0.000000 0.000000 0.000000 0.000000
140.000000 30.000000 0.909500 -0.000000 0.000000 0.000000 0.000000 0.000000 0.000000
130.000000 30.000000 0.851167 -0.000000 0.000000 0.000000 0.000000 0.000000 0.000000
120.000000 30.000000 0.792834 -0.000000 0.000000 0.000000 0.000000 0.000000 0.000000
110.000000 30.000000 0.731167 -0.000000 0.000000 0.000000 0.000000 0.000000 0.000000
100.000000 30.000000 0.672833 -0.000000 0.000000 0.000000 0.000000 0.000000 0.000000
90.000000 30.000000 0.606167 -0.000000 0.000000 0.000000 0.000000 0.000000 0.000000
80.000000 30.000000 0.539500 -0.000000 0.000000 0.000000 0.000000 0.000000 0.000000
70.000000 30.000000 0.471166 -0.000000 0.000000 0.000000 0.000000 0.000000 0.000000
60.000000 30.000000 0.401167 -0.000000 0.000000 0.000000 0.000000 0.000000 0.000000
50.000000 30.000000 0.331166 -0.000000 0.000000 0.000000 0.000000 0.000000 0.000000
40.000000 30.000000 0.262834 -0.000000 0.000000 0.000000 0.000000 0.000000 0.000000
30.000000 30.000000 0.194500 -0.000000 0.000000 0.000000 0.000000 0.000000 0.000000
20.000000 30.000000 0.126166 -0.000000 0.000000 0.000000 0.000000 0.000000 0.000000
10.000000 30.000000 0.056167 -0.000000 0.000000 0.000000 0.000000 0.000000 0.000000
0.000000 30.000000 -0.017166 -0.000000 0.000000 0.000000 0.000000 0.000000 0.000000
0.000000 40.000000 -0.020500 -0.000000 0.000000 0.000000 0.000000 0.000000 0.000000
10.000000 40.000000 0.049500 -0.000000 0.000000 0.000000 0.000000 0.000000 0.000000
20.000000 40.000000 0.116166 -0.000000 0.000000 0.000000 0.000000 0.000000 0.000000
30.000000 40.000000 0.182834 -0.000000 0.000000 0.000000 0.000000 0.000000 0.000000
40.000000 40.000000 0.252833 -0.000000 0.000000 0.000000 0.000000 0.000000 0.000000
50.000000 40.000000 0.319500 -0.000000 0.000000 0.000000 0.000000 0.000000 0.000000
60.000000 40.000000 0.392834 -0.000000 0.000000 0.000000 0.000000 0.000000 0.000000
70.000000 40.000000 0.464500 -0.000000 0.000000 0.000000 0.000000 0.000000 0.000000
80.000000 40.000000 0.532833 -0.000000 0.000000 0.000000 0.000000 0.000000 0.000000
90.000000 40.000000 0.601166 -0.000000 0.000000 0.000000 0.000000 0.000000 0.000000
100.000000 40.000000 0.664500 -0.000000 0.000000 0.000000 0.000000 0.000000 0.000000
110.000000 40.000000 0.726167 -0.000000 0.000000 0.000000 0.000000 0.000000 0.000000
120.000000 40.000000 0.784500 -0.000000 0.000000 0.000000 0.000000 0.000000 0.000000
130.000000 40.000000 0.841167 -0.000000 0.000000 0.000000 0.000000 0.000000 0.000000
140.000000 40.000000 0.897833 -0.000000 0.000000 0.000000 0.000000 0.000000 0.000000
150.000000 40.000000 0.952834 -0.000000 0.000000 0.000000 0.000000 0.000000 0.000000
160.000000 40.000000 1.009500 -0.000000 0.000000 0.000000 0.000000 0.000000 0.000000
170.000000 40.000000 1.061167 -0.000000 0.000000 0.000000 0.000000 0.000000 0.000000
180.000000 40.000000 1.112833 -0.000000 0.000000 0.000000 0.000000 0.000000 0.000000
180.000000 50.000000 1.107833 -0.000000 0.000000 0.000000 0.000000 0.000000 0.000000
170.000000 50.000000 1.057833 -0.000000 0.000000 0.000000 0.000000 0.000000 0.000000
160.000000 50.000000 1.002834 -0.000000 0.000000 0.000000 0.000000 0.000000 0.000000
150.000000 50.000000 0.952833 -0.000000 0.000000 0.000000 0.000000 0.000000 0.000000
140.000000 50.000000 0.896167 -0.000000 0.000000 0.000000 0.000000 0.000000 0.000000
130.000000 50.000000 0.839500 -0.000000 0.000000 0.000000 0.000000 0.000000 0.000000
120.000000 50.000000 0.781166 -0.000000 0.000000 0.000000 0.000000 0.000000 0.000000
110.000000 50.000000 0.722833 -0.000000 0.000000 0.000000 0.000000 0.000000 0.000000
100.000000 50.000000 0.662833 -0.000000 0.000000 0.000000 0.000000 0.000000 0.000000
90.000000 50.000000 0.597833 -0.000000 0.000000 0.000000 0.000000 0.000000 0.000000
80.000000 50.000000 0.531167 -0.000000 0.000000 0.000000 0.000000 0.000000 0.000000
70.000000 50.000000 0.462834 -0.000000 0.000000 0.000000 0.000000 0.000000 0.000000
60.000000 50.000000 0.396167 -0.000000 0.000000 0.000000 0.000000 0.000000 0.000000
50.000000 50.000000 0.326167 -0.000000 0.000000 0.000000 0.000000 0.000000 0.000000
40.000000 50.000000 0.261167 -0.000000 0.000000 0.000000 0.000000 0.000000 0.000000
30.000000 50.000000 0.192833 -0.000000 0.000000 0.000000 0.000000 0.000000 0.000000
20.000000 50.000000 0.126167 -0.000000 0.000000 0.000000 0.000000 0.000000 0.000000
10.000000 50.000000 0.054500 -0.000000 0.000000 0.000000 0.000000 0.000000 0.000000
0.000000 50.000000 -0.015500 -0.000000 0.000000 0.000000 0.000000 0.000000 0.000000
0.000000 60.000000 -0.010500 -0.000000 0.000000 0.000000 0.000000 0.000000 0.000000
10.000000 60.000000 0.054500 -0.000000 0.000000 0.000000 0.000000 0.000000 0.000000
20.000000 60.000000 0.126166 -0.000000 0.000000 0.000000 0.000000 0.000000 0.000000
30.000000 60.000000 0.189500 -0.000000 0.000000 0.000000 0.000000 0.000000 0.000000
40.000000 60.000000 0.259500 -0.000000 0.000000 0.000000 0.000000 0.000000 0.000000
50.000000 60.000000 0.322833 -0.000000 0.000000 0.000000 0.000000 0.000000 0.000000
60.000000 60.000000 0.396167 -0.000000 0.000000 0.000000 0.000000 0.000000 0.000000
70.000000 60.000000 0.464500 -0.000000 0.000000 0.000000 0.000000 0.000000 0.000000
80.000000 60.000000 0.536167 -0.000000 0.000000 0.000000 0.000000 0.000000 0.000000
90.000000 60.000000 0.596166 -0.000000 0.000000 0.000000 0.000000 0.000000 0.000000
100.000000 60.000000 0.661167 -0.000000 0.000000 0.000000 0.000000 0.000000 0.000000
110.000000 60.000000 0.719500 -0.000000 0.000000 0.000000 0.000000 0.000000 0.000000
120.000000 60.000000 0.781167 -0.000000 0.000000 0.000000 0.000000 0.000000 0.000000
130.000000 60.000000 0.836166 -0.000000 0.000000 0.000000 0.000000 0.000000 0.000000
140.000000 60.000000 0.894500 -0.000000 0.000000 0.000000 0.000000 0.000000 0.000000
150.000000 60.000000 0.949500 -0.000000 0.000000 0.000000 0.000000 0.000000 0.000000
160.000000 60.000000 1.004500 -0.000000 0.000000 0.000000 0.000000 0.000000 0.000000
170.000000 60.000000 1.054500 -0.000000 0.000000 0.000000 0.000000 0.000000 0.000000
180.000000 60.000000 1.106167 -0.000000 0.000000 0.000000 0.000000 0.000000 0.000000
180.000000 70.000000 1.106167 -0.000000 0.000000 0.000000 0.000000 0.000000 0.000000
170.000000 70.000000 1.054500 -0.000000 0.000000 0.000000 0.000000 0.000000 0.000000
160.000000 70.000000 1.001167 -0.000000 0.000000 0.000000 0.000000 0.000000 0.000000
150.000000 70.000000 0.951166 -0.000000 0.000000 0.000000 0.000000 0.000000 0.000000
140.000000 70.000000 0.896166 -0.000000 0.000000 0.000000 0.000000 0.000000 0.000000
130.000000 70.000000 0.841166 -0.000000 0.000000 0.000000 0.000000 0.000000 0.000000
120.000000 70.000000 0.781167 -0.000000 0.000000 0.000000 0.000000 0.000000 0.000000
110.000000 70.000000 0.726166 -0.000000 0.000000 0.000000 0.000000 0.000000 0.000000
100.000000 70.000000 0.666167 -0.000000 0.000000 0.000000 0.000000 0.000000 0.000000
90.000000 70.000000 0.604500 -0.000000 0.000000 0.000000 0.000000 0.000000 0.000000
80.000000 70.000000 0.541167 -0.000000 0.000000 0.000000 0.000000 0.000000 0.000000
70.000000 70.000000 0.474500 -0.000000 0.000000 0.000000 0.000000 0.000000 0.000000
60.000000 70.000000 0.402833 -0.000000 0.000000 0.000000 0.000000 0.000000 0.000000
50.000000 70.000000 0.332834 -0.000000 0.000000 0.000000 0.000000 0.000000 0.000000
40.000000 70.000000 0.267834 -0.000000 0.000000 0.000000 0.000000 0.000000 0.000000
30.000000 70.000000 0.201167 -0.000000 0.000000 0.000000 0.000000 0.000000 0.000000
20.000000 70.000000 0.136167 -0.000000 0.000000 0.000000 0.000000 0.000000 0.000000
10.000000 70.000000 0.066167 -0.000000 0.000000 0.000000 0.000000 0.000000 0.000000
0.000000 70.000000 -0.003834 -0.000000 0.000000 0.000000 0.000000 0.000000 0.000000
0.000000 80.000000 -0.002167 -0.000000 0.000000 0.000000 0.000000 0.000000 0.000000
10.000000 80.000000 0.062833 -0.000000 0.000000 0.000000 0.000000 0.000000 0.000000
20.000000 80.000000 0.131166 -0.000000 0.000000 0.000000 0.000000 0.000000 0.000000
30.000000 80.000000 0.192833 -0.000000 0.000000 0.000000 0.000000 0.000000 0.000000
40.000000 80.000000 0.257833 -0.000000 0.000000 0.000000 0.000000 0.000000 0.000000
50.000000 80.000000 0.324500 -0.000000 0.000000 0.000000 0.000000 0.000000 0.000000
60.000000 80.000000 0.391167 -0.000000 0.000000 0.000000 0.000000 0.000000 0.000000
70.000000 80.000000 0.464500 -0.000000 0.000000 0.000000 0.000000 0.000000 0.000000
80.000000 80.000000 0.532833 -0.000000 0.000000 0.000000 0.000000 0.000000 0.000000
90.000000 80.000000 0.596167 -0.000000 0.000000 0.000000 0.000000 0.000000 0.000000
100.000000 80.000000 0.659500 -0.000000 0.000000 0.000000 0.000000 0.000000 0.000000
110.000000 80.000000 0.719500 -0.000000 0.000000 0.000000 0.000000 0.000000 0.000000
120.000000 80.000000 0.774500 -0.000000 0.000000 0.000000 0.000000 0.000000 0.000000
130.000000 80.000000 0.834500 -0.000000 0.000000 0.000000 0.000000 0.000000 0.000000
140.000000 80.000000 0.887833 -0.000000 0.000000 0.000000 0.000000 0.000000 0.000000
150.000000 80.000000 0.942833 -0.000000 0.000000 0.000000 0.000000 0.000000 0.000000
160.000000 80.000000 0.992833 -0.000000 0.000000 0.000000 0.000000 0.000000 0.000000
170.000000 80.000000 1.046167 -0.000000 0.000000 0.000000 0.000000 0.000000 0.000000
180.000000 80.000000 1.097833 -0.000000 0.000000 0.000000 0.000000 0.000000 0.000000
180.000000 90.000000 1.086167 -0.000000 0.000000 0.000000 0.000000 0.000000 0.000000
170.000000 90.000000 1.037834 -0.000000 0.000000 0.000000 0.000000 0.000000 0.000000
160.000000 90.000000 0.984500 -0.000000 0.000000 0.000000 0.000000 0.000000 0.000000
150.000000 90.000000 0.934500 -0.000000 0.000000 0.000000 0.000000 0.000000 0.000000
140.000000 90.000000 0.879500 -0.000000 0.000000 0.000000 0.000000 0.000000 0.000000
130.000000 90.000000 0.824500 -0.000000 0.000000 0.000000 0.000000 0.000000 0.000000
120.000000 90.000000 0.769500 -0.000000 0.000000 0.000000 0.000000 0.000000 0.000000
110.000000 90.000000 0.711167 -0.000000 0.000000 0.000000 0.000000 0.000000 0.000000
100.000000 90.000000 0.654500 -0.000000 0.000000 0.000000 0.000000 0.000000 0.000000
90.000000 90.000000 0.592834 -0.000000 0.000000 0.000000 0.000000 0.000000 0.000000
80.000000 90.000000 0.527834 -0.000000 0.000000 0.000000 0.000000 0.000000 0.000000
70.000000 90.000000 0.466166 -0.000000 0.000000 0.000000 0.000000 0.000000 0.000000
60.000000 90.000000 0.396167 -0.000000 0.000000 0.000000 0.000000 0.000000 0.000000
50.000000 90.000000 0.326167 -0.000000 0.000000 0.000000 0.000000 0.000000 0.000000
40.000000 90.000000 0.262834 -0.000000 0.000000 0.000000 0.000000 0.000000 0.000000
30.000000 90.000000 0.194500 -0.000000 0.000000 0.000000 0.000000 0.000000 0.000000
20.000000 90.000000 0.129500 -0.000000 0.000000 0.000000 0.000000 0.000000 0.000000
10.000000 90.000000 0.059500 -0.000000 0.000000 0.000000 0.000000 0.000000 0.000000
0.000000 90.000000 -0.005500 -0.000000 0.000000 0.000000 0.000000 0.000000 0.000000
0.000000 100.000000 -0.012167 -0.000000 0.000000 0.000000 0.000000 0.000000 0.000000
10.000000 100.000000 0.052834 -0.000000 0.000000 0.000000 0.000000 0.000000 0.000000
20.000000 100.000000 0.117833 -0.000000 0.000000 0.000000 0.000000 0.000000 0.000000
30.000000 100.000000 0.181167 -0.000000 0.000000 0.000000 0.000000 0.000000 0.000000
40.000000 100.000000 0.247833 -0.000000 0.000000 0.000000 0.000000 0.000000 0.000000
50.000000 100.000000 0.311166 -0.000000 0.000000 0.000000 0.000000 0.000000 0.000000
60.000000 100.000000 0.381167 -0.000000 0.000000 0.000000 0.000000 0.000000 0.000000
70.000000 100.000000 0.449500 -0.000000 0.000000 0.000000 0.000000 0.000000 0.000000
80.000000 100.000000 0.516167 -0.000000 0.000000 0.000000 0.000000 0.000000 0.000000
90.000000 100.000000 0.581167 -0.000000 0.000000 0.000000 0.000000 0.000000 0.000000
100.000000 100.000000 0.642833 -0.000000 0.000000 0.000000 0.000000 0.000000 0.000000
110.000000 100.000000 0.699500 -0.000000 0.000000 0.000000 0.000000 0.000000 0.000000
120.000000 100.000000 0.756167 -0.000000 0.000000 0.000000 0.000000 0.000000 0.000000
130.000000 100.000000 0.812834 -0.000000 0.000000 0.000000 0.000000 0.000000 0.000000
140.000000 100.000000 0.866167 -0.000000 0.000000 0.000000 0.000000 0.000000 0.000000
150.000000 100.000000 0.921167 -0.000000 0.000000 0.000000 0.000000 0.000000 0.000000
160.000000 100.000000 0.971167 -0.000000 0.000000 0.000000 0.000000 0.000000 0.000000
170.000000 100.000000 1.021166 -0.000000 0.000000 0.000000 0.000000 0.000000 0.000000
180.000000 100.000000 1.071166 -0.000000 0.000000 0.000000 0.000000 0.000000 0.000000
180.000000 110.000000 1.057834 -0.000000 0.000000 0.000000 0.000000 0.000000 0.000000
170.000000 110.000000 1.012833 -0.000000 0.000000 0.000000 0.000000 0.000000 0.000000
160.000000 110.000000 0.961167 -0.000000 0.000000 0.000000 0.000000 0.000000 0.000000
150.000000 110.000000 0.909500 -0.000000 0.000000 0.000000 0.000000 0.000000 0.000000
140.000000 110.000000 0.856167 -0.000000 0.000000 0.000000 0.000000 0.000000 0.000000
130.000000 110.000000 0.802833 -0.000000 0.000000 0.000000 0.000000 0.000000 0.000000
120.000000 110.000000 0.747833 -0.000000 0.000000 0.000000 0.000000 0.000000 0.000000
110.000000 110.000000 0.691167 -0.000000 0.000000 0.000000 0.000000 0.000000 0.000000
100.000000 110.000000 0.634500 -0.000000 0.000000 0.000000 0.000000 0.000000 0.000000
90.000000 110.000000 0.571167 -0.000000 0.000000 0.000000 0.000000 0.000000 0.000000
80.000000 110.000000 0.511167 -0.000000 0.000000 0.000000 0.000000 0.000000 0.000000
70.000000 110.000000 0.444500 -0.000000 0.000000 0.000000 0.000000 0.000000 0.000000
60.000000 110.000000 0.379500 -0.000000 0.000000 0.000000 0.000000 0.000000 0.000000
50.000000 110.000000 0.312833 -0.000000 0.000000 0.000000 0.000000 0.000000 0.000000
40.000000 110.000000 0.244500 -0.000000 0.000000 0.000000 0.000000 0.000000 0.000000
30.000000 110.000000 0.181167 -0.000000 0.000000 0.000000 0.000000 0.000000 0.000000
20.000000 110.000000 0.117833 -0.000000 0.000000 0.000000 0.000000 0.000000 0.000000
10.000000 110.000000 0.051167 -0.000000 0.000000 0.000000 0.000000 0.000000 0.000000
0.000000 110.000000 -0.020500 -0.000000 0.000000 0.000000 0.000000 0.000000 0.000000
0.000000 120.000000 -0.022167 -0.000000 0.000000 0.000000 0.000000 0.000000 0.000000
10.000000 120.000000 0.042833 -0.000000 0.000000 0.000000 0.000000 0.000000 0.000000
20.000000 120.000000 0.107833 -0.000000 0.000000 0.000000 0.000000 0.000000 0.000000
30.000000 120.000000 0.169500 -0.000000 0.000000 0.000000 0.000000 0.000000 0.000000
40.000000 120.000000 0.232833 -0.000000 0.000000 0.000000 0.000000 0.000000 0.000000
50.000000 120.000000 0.299500 -0.000000 0.000000 0.000000 0.000000 0.000000 0.000000
60.000000 120.000000 0.364500 -0.000000 0.000000 0.000000 0.000000 0.000000 0.000000
70.000000 120.000000 0.434500 -0.000000 0.000000 0.000000 0.000000 0.000000 0.000000
80.000000 120.000000 0.501167 -0.000000 0.000000 0.000000 0.000000 0.000000 0.000000
90.000000 120.000000 0.564500 -0.000000 0.000000 0.000000 0.000000 0.000000 0.000000
100.000000 120.000000 0.624500 -0.000000 0.000000 0.000000 0.000000 0.000000 0.000000
110.000000 120.000000 0.681167 -0.000000 0.000000 0.000000 0.000000 0.000000 0.000000
120.000000 120.000000 0.736167 -0.000000 0.000000 0.000000 0.000000 0.000000 0.000000
130.000000 120.000000 0.791167 -0.000000 0.000000 0.000000 0.000000 0.000000 0.000000
140.000000 120.000000 0.844500 -0.000000 0.000000 0.000000 0.000000 0.000000 0.000000
150.000000 120.000000 0.897833 -0.000000 0.000000 0.000000 0.000000 0.000000 0.000000
160.000000 120.000000 0.947833 -0.000000 0.000000 0.000000 0.000000 0.000000 0.000000
170.000000 120.000000 0.999500 -0.000000 0.000000 0.000000 0.000000 0.000000 0.000000
180.000000 120.000000 1.046166 -0.000000 0.000000 0.000000 0.000000 0.000000 0.000000
180.000000 130.000000 1.034500 -0.000000 0.000000 0.000000 0.000000 0.000000 0.000000
170.000000 130.000000 0.986167 -0.000000 0.000000 0.000000 0.000000 0.000000 0.000000
160.000000 130.000000 0.937833 -0.000000 0.000000 0.000000 0.000000 0.000000 0.000000
150.000000 130.000000 0.889500 -0.000000 0.000000 0.000000 0.000000 0.000000 0.000000
140.000000 130.000000 0.836167 -0.000000 0.000000 0.000000 0.000000 0.000000 0.000000
130.000000 130.000000 0.782834 -0.000000 0.000000 0.000000 0.000000 0.000000 0.000000
120.000000 130.000000 0.729500 -0.000000 0.000000 0.000000 0.000000 0.000000 0.000000
110.000000 130.000000 0.674500 -0.000000 0.000000 0.000000 0.000000 0.000000 0.000000
100.000000 130.000000 0.616167 -0.000000 0.000000 0.000000 0.000000 0.000000 0.000000
90.000000 130.000000 0.556167 -0.000000 0.000000 0.000000 0.000000 0.000000 0.000000
80.000000 130.000000 0.494500 -0.000000 0.000000 0.000000 0.000000 0.000000 0.000000
70.000000 130.000000 0.429500 -0.000000 0.000000 0.000000 0.000000 0.000000 0.000000
60.000000 130.000000 0.364500 -0.000000 0.000000 0.000000 0.000000 0.000000 0.000000
50.000000 130.000000 0.296167 -0.000000 0.000000 0.000000 0.000000 0.000000 0.000000
40.000000 130.000000 0.237833 -0.000000 0.000000 0.000000 0.000000 0.000000 0.000000
30.000000 130.000000 0.169500 -0.000000 0.000000 0.000000 0.000000 0.000000 0.000000
20.000000 130.000000 0.107833 -0.000000 0.000000 0.000000 0.000000 0.000000 0.000000
10.000000 130.000000 0.041166 -0.000000 0.000000 0.000000 0.000000 0.000000 0.000000
0.000000 130.000000 -0.025500 -0.000000 0.000000 0.000000 0.000000 0.000000 0.000000
0.000000 140.000000 -0.028833 -0.000000 0.000000 0.000000 0.000000 0.000000 0.000000
10.000000 140.000000 0.034500 -0.000000 0.000000 0.000000 0.000000 0.000000 0.000000
20.000000 140.000000 0.096166 -0.000000 0.000000 0.000000 0.000000 0.000000 0.000000
30.000000 140.000000 0.157833 -0.000000 0.000000 0.000000 0.000000 0.000000 0.000000
40.000000 140.000000 0.224500 -0.000000 0.000000 0.000000 0.000000 0.000000 0.000000
50.000000 140.000000 0.284500 -0.000000 0.000000 0.000000 0.000000 0.000000 0.000000
60.000000 140.000000 0.352833 -0.000000 0.000000 0.000000 0.000000 0.000000 0.000000
70.000000 140.000000 0.421167 -0.000000 0.000000 0.000000 0.000000 0.000000 0.000000
80.000000 140.000000 0.487834 -0.000000 0.000000 0.000000 0.000000 0.000000 0.000000
90.000000 140.000000 0.549500 -0.000000 0.000000 0.000000 0.000000 0.000000 0.000000
100.000000 140.000000 0.607834 -0.000000 0.000000 0.000000 0.000000 0.000000 0.000000
110.000000 140.000000 0.662833 -0.000000 0.000000 0.000000 0.000000 0.000000 0.000000
120.000000 140.000000 0.717833 -0.000000 0.000000 0.000000 0.000000 0.000000 0.000000
130.000000 140.000000 0.772833 -0.000000 0.000000 0.000000 0.000000 0.000000 0.000000
140.000000 140.000000 0.821167 -0.000000 0.000000 0.000000 0.000000 0.000000 0.000000
150.000000 140.000000 0.874500 -0.000000 0.000000 0.000000 0.000000 0.000000 0.000000
160.000000 140.000000 0.922833 -0.000000 0.000000 0.000000 0.000000 0.000000 0.000000
170.000000 140.000000 0.976166 -0.000000 0.000000 0.000000 0.000000 0.000000 0.000000
180.000000 140.000000 1.027833 -0.000000 0.000000 0.000000 0.000000 0.000000 0.000000
180.000000 150.000000 1.016167 -0.000000 0.000000 0.000000 0.000000 0.000000 0.000000
170.000000 150.000000 0.967833 -0.000000 0.000000 0.000000 0.000000 0.000000 0.000000
160.000000 150.000000 0.916167 -0.000000 0.000000 0.000000 0.000000 0.000000 0.000000
150.000000 150.000000 0.869500 -0.000000 0.000000 0.000000 0.000000 0.000000 0.000000
140.000000 150.000000 0.816167 -0.000000 0.000000 0.000000 0.000000 0.000000 0.000000
130.000000 150.000000 0.764500 -0.000000 0.000000 0.000000 0.000000 0.000000 0.000000
120.000000 150.000000 0.711167 -0.000000 0.000000 0.000000 0.000000 0.000000 0.000000
110.000000 150.000000 0.656166 -0.000000 0.000000 0.000000 0.000000 0.000000 0.000000
100.000000 150.000000 0.602833 -0.000000 0.000000 0.000000 0.000000 0.000000 0.000000
90.000000 150.000000 0.544500 -0.000000 0.000000 0.000000 0.000000 0.000000 0.000000
80.000000 150.000000 0.481167 -0.000000 0.000000 0.000000 0.000000 0.000000 0.000000
70.000000 150.000000 0.417833 -0.000000 0.000000 0.000000 0.000000 0.000000 0.000000
60.000000 150.000000 0.354500 -0.000000 0.000000 0.000000 0.000000 0.000000 0.000000
50.000000 150.000000 0.287833 -0.000000 0.000000 0.000000 0.000000 0.000000 0.000000
40.000000 150.000000 0.226166 -0.000000 0.000000 0.000000 0.000000 0.000000 0.000000
30.000000 150.000000 0.161167 -0.000000 0.000000 0.000000 0.000000 0.000000 0.000000
20.000000 150.000000 0.099500 -0.000000 0.000000 0.000000 0.000000 0.000000 0.000000
10.000000 150.000000 0.034500 -0.000000 0.000000 0.000000 0.000000 0.000000 0.000000
0.000000 150.000000 -0.030500 -0.000000 0.000000 0.000000 0.000000 0.000000 0.000000
0.000000 160.000000 -0.035500 -0.000000 0.000000 0.000000 0.000000 0.000000 0.000000
10.000000 160.000000 0.027833 -0.000000 0.000000 0.000000 0.000000 0.000000 0.000000
20.000000 160.000000 0.091167 -0.000000 0.000000 0.000000 0.000000 0.000000 0.000000
30.000000 160.000000 0.151166 -0.000000 0.000000 0.000000 0.000000 0.000000 0.000000
40.000000 160.000000 0.216166 -0.000000 0.000000 0.000000 0.000000 0.000000 0.000000
50.000000 160.000000 0.277833 -0.000000 0.000000 0.000000 0.000000 0.000000 0.000000
60.000000 160.000000 0.342833 -0.000000 0.000000 0.000000 0.000000 0.000000 0.000000
70.000000 160.000000 0.409500 -0.000000 0.000000 0.000000 0.000000 0.000000 0.000000
80.000000 160.000000 0.472834 -0.000000 0.000000 0.000000 0.000000 0.000000 0.000000
90.000000 160.000000 0.539500 -0.000000 0.000000 0.000000 0.000000 0.000000 0.000000
100.000000 160.000000 0.596166 -0.000000 0.000000 0.000000 0.000000 0.000000 0.000000
110.000000 160.000000 0.649500 -0.000000 0.000000 0.000000 0.000000 0.000000 0.000000
120.000000 160.000000 0.702834 -0.000000 0.000000 0.000000 0.000000 0.000000 0.000000
130.000000 160.000000 0.754500 -0.000000 0.000000 0.000000 0.000000 0.000000 0.000000
140.000000 160.000000 0.806167 -0.000000 0.000000 0.000000 0.000000 0.000000 0.000000
150.000000 160.000000 0.856167 -0.000000 0.000000 0.000000 0.000000 0.000000 0.000000
160.000000 160.000000 0.909500 -0.000000 0.000000 0.000000 0.000000 0.000000 0.000000
170.000000 160.000000 0.956167 -0.000000 0.000000 0.000000 0.000000 0.000000 0.000000
180.000000 160.000000 1.002833 -0.000000 0.000000 0.000000 0.000000 0.000000 0.000000
180.000000 170.000000 0.996167 -0.000000 0.000000 0.000000 0.000000 0.000000 0.000000
170.000000 170.000000 0.951167 -0.000000 0.000000 0.000000 0.000000 0.000000 0.000000
160.000000 170.000000 0.899500 -0.000000 0.000000 0.000000 0.000000 0.000000 0.000000
150.000000 170.000000 0.854500 -0.000000 0.000000 0.000000 0.000000 0.000000 0.000000
140.000000 170.000000 0.801167 -0.000000 0.000000 0.000000 0.000000 0.000000 0.000000
130.000000 170.000000 0.751166 -0.000000 0.000000 0.000000 0.000000 0.000000 0.000000
120.000000 170.000000 0.697833 -0.000000 0.000000 0.000000 0.000000 0.000000 0.000000
110.000000 170.000000 0.646167 -0.000000 0.000000 0.000000 0.000000 0.000000 0.000000
100.000000 170.000000 0.589500 -0.000000 0.000000 0.000000 0.000000 0.000000 0.000000
90.000000 170.000000 0.534500 -0.000000 0.000000 0.000000 0.000000 0.000000 0.000000
80.000000 170.000000 0.472833 -0.000000 0.000000 0.000000 0.000000 0.000000 0.000000
70.000000 170.000000 0.411167 -0.000000 0.000000 0.000000 0.000000 0.000000 0.000000
60.000000 170.000000 0.344500 -0.000000 0.000000 0.000000 0.000000 0.000000 0.000000
50.000000 170.000000 0.282834 -0.000000 0.000000 0.000000 0.000000 0.000000 0.000000
40.000000 170.000000 0.219500 -0.000000 0.000000 0.000000 0.000000 0.000000 0.000000
30.000000 170.000000 0.154500 -0.000000 0.000000 0.000000 0.000000 0.000000 0.000000
20.000000 170.000000 0.094500 -0.000000 0.000000 0.000000 0.000000 0.000000 0.000000
10.000000 170.000000 0.029500 -0.000000 0.000000 0.000000 0.000000 0.000000 0.000000
0.000000 170.000000 -0.033834 -0.000000 0.000000 0.000000 0.000000 0.000000 0.000000
0.000000 180.000000 -0.028833 -0.000000 0.000000 0.000000 0.000000 0.000000 0.000000
10.000000 180.000000 0.027833 -0.000000 0.000000 0.000000 0.000000 0.000000 0.000000
20.000000 180.000000 0.091166 -0.000000 0.000000 0.000000 0.000000 0.000000 0.000000
30.000000 180.000000 0.149500 -0.000000 0.000000 0.000000 0.000000 0.000000 0.000000
40.000000 180.000000 0.211167 -0.000000 0.000000 0.000000 0.000000 0.000000 0.000000
50.000000 180.000000 0.274500 -0.000000 0.000000 0.000000 0.000000 0.000000 0.000000
60.000000 180.000000 0.339500 -0.000000 0.000000 0.000000 0.000000 0.000000 0.000000
70.000000 180.000000 0.406167 -0.000000 0.000000 0.000000 0.000000 0.000000 0.000000
80.000000 180.000000 0.466166 -0.000000 0.000000 0.000000 0.000000 0.000000 0.000000
90.000000 180.000000 0.532833 -0.000000 0.000000 0.000000 0.000000 0.000000 0.000000
100.000000 180.000000 0.589500 -0.000000 0.000000 0.000000 0.000000 0.000000 0.000000
110.000000 180.000000 0.646166 -0.000000 0.000000 0.000000 0.000000 0.000000 0.000000
120.000000 180.000000 0.694500 -0.000000 0.000000 0.000000 0.000000 0.000000 0.000000
130.000000 180.000000 0.746167 -0.000000 0.000000 0.000000 0.000000 0.000000 0.000000
140.000000 180.000000 0.796166 -0.000000 0.000000 0.000000 0.000000 0.000000 0.000000
150.000000 180.000000 0.846167 -0.000000 0.000000 0.000000 0.000000 0.000000 0.000000
160.000000 180.000000 0.896167 -0.000000 0.000000 0.000000 0.000000 0.000000 0.000000
170.000000 180.000000 0.944500 -0.000000 0.000000 0.000000 0.000000 0.000000 0.000000
180.000000 180.000000 0.994500 -0.000000 0.000000 0.000000 0.000000 0.000000 0.000000
180.000000 190.000000 0.987833 -0.000000 0.000000 0.000000 0.000000 0.000000 0.000000
170.000000 190.000000 0.939500 -0.000000 0.000000 0.000000 0.000000 0.000000 0.000000
160.000000 190.000000 0.894500 -0.000000 0.000000 0.000000 0.000000 0.000000 0.000000
150.000000 190.000000 0.847834 -0.000000 0.000000 0.000000 0.000000 0.000000 0.000000
140.000000 190.000000 0.796167 -0.000000 0.000000 0.000000 0.000000 0.000000 0.000000
130.000000 190.000000 0.746166 -0.000000 0.000000 0.000000 0.000000 0.000000 0.000000
120.000000 190.000000 0.694500 -0.000000 0.000000 0.000000 0.000000 0.000000 0.000000
110.000000 190.000000 0.642833 -0.000000 0.000000 0.000000 0.000000 0.000000 0.000000
100.000000 190.000000 0.589500 -0.000000 0.000000 0.000000 0.000000 0.000000 0.000000
90.000000 190.000000 0.532833 -0.000000 0.000000 0.000000 0.000000 0.000000 0.000000
80.000000 190.000000 0.476167 -0.000000 0.000000 0.000000 0.000000 0.000000 0.000000
70.000000 190.000000 0.412833 -0.000000 0.000000 0.000000 0.000000 0.000000 0.000000
60.000000 190.000000 0.347833 -0.000000 0.000000 0.000000 0.000000 0.000000 0.000000
50.000000 190.000000 0.284500 -0.000000 0.000000 0.000000 0.000000 0.000000 0.000000
40.000000 190.000000 0.224500 -0.000000 0.000000 0.000000 0.000000 0.000000 0.000000
30.000000 190.000000 0.161166 -0.000000 0.000000 0.000000 0.000000 0.000000 0.000000
20.000000 190.000000 0.101167 -0.000000 0.000000 0.000000 0.000000 0.000000 0.000000
10.000000 190.000000 0.032834 -0.000000 0.000000 0.000000 0.000000 0.000000 0.000000
0.000000 190.000000 -0.027167 -0.000000 0.000000 0.000000 0.000000 0.000000 0.000000
0.000000 200.000000 -0.022167 -0.000000 0.000000 0.000000 0.000000 0.000000 0.000000
10.000000 200.000000 0.036166 -0.000000 0.000000 0.000000 0.000000 0.000000 0.000000
20.000000 200.000000 0.097834 -0.000000 0.000000 0.000000 0.000000 0.000000 0.000000
30.000000 200.000000 0.154500 -0.000000 0.000000 0.000000 0.000000 0.000000 0.000000
40.000000 200.000000 0.217833 -0.000000 0.000000 0.000000 0.000000 0.000000 0.000000
50.000000 200.000000 0.277833 -0.000000 0.000000 0.000000 0.000000 0.000000 0.000000
60.000000 200.000000 0.342833 -0.000000 0.000000 0.000000 0.000000 0.000000 0.000000
70.000000 200.000000 0.409500 -0.000000 0.000000 0.000000 0.000000 0.000000 0.000000
80.000000 200.000000 0.472834 -0.000000 0.000000 0.000000 0.000000 0.000000 0.000000
90.000000 200.000000 0.532833 -0.000000 0.000000 0.000000 0.000000 0.000000 0.000000
100.000000 200.000000 0.587833 -0.000000 0.000000 0.000000 0.000000 0.000000 0.000000
110.000000 200.000000 0.641167 -0.000000 0.000000 0.000000 0.000000 0.000000 0.000000
120.000000 200.000000 0.694500 -0.000000 0.000000 0.000000 0.000000 0.000000 0.000000
130.000000 200.000000 0.742833 -0.000000 0.000000 0.000000 0.000000 0.000000 0.000000
140.000000 200.000000 0.792833 -0.000000 0.000000 0.000000 0.000000 0.000000 0.000000
150.000000 200.000000 0.839500 -0.000000 0.000000 0.000000 0.000000 0.000000 0.000000
160.000000 200.000000 0.889500 -0.000000 0.000000 0.000000 0.000000 0.000000 0.000000
170.000000 200.000000 0.936167 -0.000000 0.000000 0.000000 0.000000 0.000000 0.000000
180.000000 200.000000 0.984500 -0.000000 0.000000 0.000000 0.000000 0.000000 0.000000
180.000000 210.000000 0.982833 -0.000000 0.000000 0.000000 0.000000 0.000000 0.000000
170.000000 210.000000 0.936167 -0.000000 0.000000 0.000000 0.000000 0.000000 0.000000
160.000000 210.000000 0.889500 -0.000000 0.000000 0.000000 0.000000 0.000000 0.000000
150.000000 210.000000 0.844500 -0.000000 0.000000 0.000000 0.000000 0.000000 0.000000
140.000000 210.000000 0.794500 -0.000000 0.000000 0.000000 0.000000 0.000000 0.000000
130.000000 210.000000 0.746166 -0.000000 0.000000 0.000000 0.000000 0.000000 0.000000
120.000000 210.000000 0.696167 -0.000000 0.000000 0.000000 0.000000 0.000000 0.000000
110.000000 210.000000 0.641167 -0.000000 0.000000 0.000000 0.000000 0.000000 0.000000
100.000000 210.000000 0.589500 -0.000000 0.000000 0.000000 0.000000 0.000000 0.000000
90.000000 210.000000 0.534500 -0.000000 0.000000 0.000000 0.000000 0.000000 0.000000
80.000000 210.000000 0.476167 -0.000000 0.000000 0.000000 0.000000 0.000000 0.000000
70.000000 210.000000 0.416167 -0.000000 0.000000 0.000000 0.000000 0.000000 0.000000
60.000000 210.000000 0.351167 -0.000000 0.000000 0.000000 0.000000 0.000000 0.000000
50.000000 210.000000 0.291166 -0.000000 0.000000 0.000000 0.000000 0.000000 0.000000
40.000000 210.000000 0.229500 -0.000000 0.000000 0.000000 0.000000 0.000000 0.000000
30.000000 210.000000 0.169500 -0.000000 0.000000 0.000000 0.000000 0.000000 0.000000
20.000000 210.000000 0.109500 -0.000000 0.000000 0.000000 0.000000 0.000000 0.000000
10.000000 210.000000 0.047833 -0.000000 0.000000 0.000000 0.000000 0.000000 0.000000
0.000000 210.000000 -0.017167 -0.000000 0.000000 0.000000 0.000000 0.000000 0.000000
0.000000 220.000000 -0.012167 -0.000000 0.000000 0.000000 0.000000 0.000000 0.000000
10.000000 220.000000 0.046167 -0.000000 0.000000 0.000000 0.000000 0.000000 0.000000
20.000000 220.000000 0.107833 -0.000000 0.000000 0.000000 0.000000 0.000000 0.000000
30.000000 220.000000 0.166167 -0.000000 0.000000 0.000000 0.000000 0.000000 0.000000
40.000000 220.000000 0.222833 -0.000000 0.000000 0.000000 0.000000 0.000000 0.000000
50.000000 220.000000 0.286167 -0.000000 0.000000 0.000000 0.000000 0.000000 0.000000
60.000000 220.000000 0.347834 -0.000000 0.000000 0.000000 0.000000 0.000000 0.000000
70.000000 220.000000 0.414500 -0.000000 0.000000 0.000000 0.000000 0.000000 0.000000
80.000000 220.000000 0.477834 -0.000000 0.000000 0.000000 0.000000 0.000000 0.000000
90.000000 220.000000 0.536166 -0.000000 0.000000 0.000000 0.000000 0.000000 0.000000
100.000000 220.000000 0.589500 -0.000000 0.000000 0.000000 0.000000 0.000000 0.000000
110.000000 220.000000 0.641167 -0.000000 0.000000 0.000000 0.000000 0.000000 0.000000
120.000000 220.000000 0.691167 -0.000000 0.000000 0.000000 0.000000 0.000000 0.000000
130.000000 220.000000 0.739500 -0.000000 0.000000 0.000000 0.000000 0.000000 0.000000
140.000000 220.000000 0.789500 -0.000000 0.000000 0.000000 0.000000 0.000000 0.000000
150.000000 220.000000 0.837834 -0.000000 0.000000 0.000000 0.000000 0.000000 0.000000
160.000000 220.000000 0.884500 -0.000000 0.000000 0.000000 0.000000 0.000000 0.000000
170.000000 220.000000 0.929500 -0.000000 0.000000 0.000000 0.000000 0.000000 0.000000
180.000000 220.000000 0.972833 -0.000000 0.000000 0.000000 0.000000 0.000000 0.000000
180.000000 230.000000 0.969500 -0.000000 0.000000 0.000000 0.000000 0.000000 0.000000
170.000000 230.000000 0.924500 -0.000000 0.000000 0.000000 0.000000 0.000000 0.000000
160.000000 230.000000 0.881167 -0.000000 0.000000 0.000000 0.000000 0.000000 0.000000
150.000000 230.000000 0.832834 -0.000000 0.000000 0.000000 0.000000 0.000000 0.000000
140.000000 230.000000 0.787833 -0.000000 0.000000 0.000000 0.000000 0.000000 0.000000
130.000000 230.000000 0.741167 -0.000000 0.000000 0.000000 0.000000 0.000000 0.000000
120.000000 230.000000 0.689500 -0.000000 0.000000 0.000000 0.000000 0.000000 0.000000
110.000000 230.000000 0.641167 -0.000000 0.000000 0.000000 0.000000 0.000000 0.000000
100.000000 230.000000 0.589500 -0.000000 0.000000 0.000000 0.000000 0.000000 0.000000
90.000000 230.000000 0.534500 -0.000000 0.000000 0.000000 0.000000 0.000000 0.000000
80.000000 230.000000 0.474500 -0.000000 0.000000 0.000000 0.000000 0.000000 0.000000
70.000000 230.000000 0.416167 -0.000000 0.000000 0.000000 0.000000 0.000000 0.000000
60.000000 230.000000 0.352833 -0.000000 0.000000 0.000000 0.000000 0.000000 0.000000
50.000000 230.000000 0.294500 -0.000000 0.000000 0.000000 0.000000 0.000000 0.000000
40.000000 230.000000 0.232833 -0.000000 0.000000 0.000000 0.000000 0.000000 0.000000
30.000000 230.000000 0.172833 -0.000000 0.000000 0.000000 0.000000 0.000000 0.000000
20.000000 230.000000 0.112833 -0.000000 0.000000 0.000000 0.000000 0.000000 0.000000
10.000000 230.000000 0.051167 -0.000000 0.000000 0.000000 0.000000 0.000000 0.000000
0.000000 230.000000 -0.008833 -0.000000 0.000000 0.000000 0.000000 0.000000 0.000000
0.000000 240.000000 -0.003833 -0.000000 0.000000 0.000000 0.000000 0.000000 0.000000
10.000000 240.000000 0.051167 -0.000000 0.000000 0.000000 0.000000 0.000000 0.000000
20.000000 240.000000 0.112834 -0.000000 0.000000 0.000000 0.000000 0.000000 0.000000
30.000000 240.000000 0.166167 -0.000000 0.000000 0.000000 0.000000 0.000000 0.000000
40.000000 240.000000 0.227833 -0.000000 0.000000 0.000000 0.000000 0.000000 0.000000
50.000000 240.000000 0.286167 -0.000000 0.000000 0.000000 0.000000 0.000000 0.000000
60.000000 240.000000 0.347833 -0.000000 0.000000 0.000000 0.000000 0.000000 0.000000
70.000000 240.000000 0.412833 -0.000000 0.000000 0.000000 0.000000 0.000000 0.000000
80.000000 240.000000 0.474500 -0.000000 0.000000 0.000000 0.000000 0.000000 0.000000
90.000000 240.000000 0.532833 -0.000000 0.000000 0.000000 0.000000 0.000000 0.000000
100.000000 240.000000 0.589500 -0.000000 0.000000 0.000000 0.000000 0.000000 0.000000
110.000000 240.000000 0.637833 -0.000000 0.000000 0.000000 0.000000 0.000000 0.000000
120.000000 240.000000 0.686166 -0.000000 0.000000 0.000000 0.000000 0.000000 0.000000
130.000000 240.000000 0.736166 -0.000000 0.000000 0.000000 0.000000 0.000000 0.000000
140.000000 240.000000 0.781167 -0.000000 0.000000 0.000000 0.000000 0.000000 0.000000
150.000000 240.000000 0.827833 -0.000000 0.000000 0.000000 0.000000 0.000000 0.000000
160.000000 240.000000 0.874500 -0.000000 0.000000 0.000000 0.000000 0.000000 0.000000
170.000000 240.000000 0.919500 -0.000000 0.000000 0.000000 0.000000 0.000000 0.000000
180.000000 240.000000 0.964500 -0.000000 0.000000 0.000000 0.000000 0.000000 0.000000
180.000000 250.000000 0.959500 -0.000000 0.000000 0.000000 0.000000 0.000000 0.000000
170.000000 250.000000 0.916167 -0.000000 0.000000 0.000000 0.000000 0.000000 0.000000
160.000000 250.000000 0.867833 -0.000000 0.000000 0.000000 0.000000 0.000000 0.000000
150.000000 250.000000 0.824500 -0.000000 0.000000 0.000000 0.000000 0.000000 0.000000
140.000000 250.000000 0.779500 -0.000000 0.000000 0.000000 0.000000 0.000000 0.000000
130.000000 250.000000 0.732833 -0.000000 0.000000 0.000000 0.000000 0.000000 0.000000
120.000000 250.000000 0.681167 -0.000000 0.000000 0.000000 0.000000 0.000000 0.000000
110.000000 250.000000 0.631167 -0.000000 0.000000 0.000000 0.000000 0.000000 0.000000
100.000000 250.000000 0.582833 -0.000000 0.000000 0.000000 0.000000 0.000000 0.000000
90.000000 250.000000 0.532834 -0.000000 0.000000 0.000000 0.000000 0.000000 0.000000
80.000000 250.000000 0.474500 -0.000000 0.000000 0.000000 0.000000 0.000000 0.000000
70.000000 250.000000 0.416166 -0.000000 0.000000 0.000000 0.000000 0.000000 0.000000
60.000000 250.000000 0.356166 -0.000000 0.000000 0.000000 0.000000 0.000000 0.000000
50.000000 250.000000 0.291167 -0.000000 0.000000 0.000000 0.000000 0.000000 0.000000
40.000000 250.000000 0.234500 -0.000000 0.000000 0.000000 0.000000 0.000000 0.000000
30.000000 250.000000 0.176166 -0.000000 0.000000 0.000000 0.000000 0.000000 0.000000
20.000000 250.000000 0.114500 -0.000000 0.000000 0.000000 0.000000 0.000000 0.000000
10.000000 250.000000 0.056167 -0.000000 0.000000 0.000000 0.000000 0.000000 0.000000
0.000000 250.000000 -0.005500 -0.000000 0.000000 0.000000 0.000000 0.000000 0.000000
0.000000 260.000000 -0.008833 -0.000000 0.000000 0.000000 0.000000 0.000000 0.000000
10.000000 260.000000 0.052834 -0.000000 0.000000 0.000000 0.000000 0.000000 0.000000
20.000000 260.000000 0.111167 -0.000000 0.000000 0.000000 0.000000 0.000000 0.000000
30.000000 260.000000 0.164500 -0.000000 0.000000 0.000000 0.000000 0.000000 0.000000
40.000000 260.000000 0.224500 -0.000000 0.000000 0.000000 0.000000 0.000000 0.000000
50.000000 260.000000 0.282833 -0.000000 0.000000 0.000000 0.000000 0.000000 0.000000
60.000000 260.000000 0.346167 -0.000000 0.000000 0.000000 0.000000 0.000000 0.000000
70.000000 260.000000 0.406167 -0.000000 0.000000 0.000000 0.000000 0.000000 0.000000
80.000000 260.000000 0.469500 -0.000000 0.000000 0.000000 0.000000 0.000000 0.000000
90.000000 260.000000 0.526167 -0.000000 0.000000 0.000000 0.000000 0.000000 0.000000
100.000000 260.000000 0.579500 -0.000000 0.000000 0.000000 0.000000 0.000000 0.000000
110.000000 260.000000 0.626166 -0.000000 0.000000 0.000000 0.000000 0.000000 0.000000
120.000000 260.000000 0.677833 -0.000000 0.000000 0.000000 0.000000 0.000000 0.000000
130.000000 260.000000 0.722834 -0.000000 0.000000 0.000000 0.000000 0.000000 0.000000
140.000000 260.000000 0.769500 -0.000000 0.000000 0.000000 0.000000 0.000000 0.000000
150.000000 260.000000 0.816167 -0.000000 0.000000 0.000000 0.000000 0.000000 0.000000
160.000000 260.000000 0.859500 -0.000000 0.000000 0.000000 0.000000 0.000000 0.000000
170.000000 260.000000 0.907834 -0.000000 0.000000 0.000000 0.000000 0.000000 0.000000
180.000000 260.000000 0.949500 -0.000000 0.000000 0.000000 0.000000 0.000000 0.000000
180.000000 270.000000 0.942833 -0.000000 0.000000 0.000000 0.000000 0.000000 0.000000
170.000000 270.000000 0.896167 -0.000000 0.000000 0.000000 0.000000 0.000000 0.000000
160.000000 270.000000 0.854500 -0.000000 0.000000 0.000000 0.000000 0.000000 0.000000
150.000000 270.000000 0.807833 -0.000000 0.000000 0.000000 0.000000 0.000000 0.000000
140.000000 270.000000 0.764500 -0.000000 0.000000 0.000000 0.000000 0.000000 0.000000
130.000000 270.000000 0.719500 -0.000000 0.000000 0.000000 0.000000 0.000000 0.000000
120.000000 270.000000 0.669500 -0.000000 0.000000 0.000000 0.000000 0.000000 0.000000
110.000000 270.000000 0.622834 -0.000000 0.000000 0.000000 0.000000 0.000000 0.000000
100.000000 270.000000 0.572834 -0.000000 0.000000 0.000000 0.000000 0.000000 0.000000
90.000000 270.000000 0.524500 -0.000000 0.000000 0.000000 0.000000 0.000000 0.000000
80.000000 270.000000 0.467833 -0.000000 0.000000 0.000000 0.000000 0.000000 0.000000
70.000000 270.000000 0.411167 -0.000000 0.000000 0.000000 0.000000 0.000000 0.000000
60.000000 270.000000 0.346167 -0.000000 0.000000 0.000000 0.000000 0.000000 0.000000
50.000000 270.000000 0.289500 -0.000000 0.000000 0.000000 0.000000 0.000000 0.000000
40.000000 270.000000 0.232833 -0.000000 0.000000 0.000000 0.000000 0.000000 0.000000
30.000000 270.000000 0.167833 -0.000000 0.000000 0.000000 0.000000 0.000000 0.000000
20.000000 270.000000 0.109500 -0.000000 0.000000 0.000000 0.000000 0.000000 0.000000
10.000000 270.000000 0.051167 -0.000000 0.000000 0.000000 0.000000 0.000000 0.000000
0.000000 270.000000 -0.003833 -0.000000 0.000000 0.000000 0.000000 0.000000 0.000000
0.000000 280.000000 -0.008833 -0.000000 0.000000 0.000000 0.000000 0.000000 0.000000
10.000000 280.000000 0.044500 -0.000000 0.000000 0.000000 0.000000 0.000000 0.000000
20.000000 280.000000 0.099500 -0.000000 0.000000 0.000000 0.000000 0.000000 0.000000
30.000000 280.000000 0.154500 -0.000000 0.000000 0.000000 0.000000 0.000000 0.000000
40.000000 280.000000 0.212834 -0.000000 0.000000 0.000000 0.000000 0.000000 0.000000
50.000000 280.000000 0.271167 -0.000000 0.000000 0.000000 0.000000 0.000000 0.000000
60.000000 280.000000 0.331166 -0.000000 0.000000 0.000000 0.000000 0.000000 0.000000
70.000000 280.000000 0.394500 -0.000000 0.000000 0.000000 0.000000 0.000000 0.000000
80.000000 280.000000 0.456166 -0.000000 0.000000 0.000000 0.000000 0.000000 0.000000
90.000000 280.000000 0.512833 -0.000000 0.000000 0.000000 0.000000 0.000000 0.000000
100.000000 280.000000 0.566167 -0.000000 0.000000 0.000000 0.000000 0.000000 0.000000
110.000000 280.000000 0.614500 -0.000000 0.000000 0.000000 0.000000 0.000000 0.000000
120.000000 280.000000 0.659500 -0.000000 0.000000 0.000000 0.000000 0.000000 0.000000
130.000000 280.000000 0.706167 -0.000000 0.000000 0.000000 0.000000 0.000000 0.000000
140.000000 280.000000 0.751166 -0.000000 0.000000 0.000000 0.000000 0.000000 0.000000
150.000000 280.000000 0.796167 -0.000000 0.000000 0.000000 0.000000 0.000000 0.000000
160.000000 280.000000 0.841166 -0.000000 0.000000 0.000000 0.000000 0.000000 0.000000
170.000000 280.000000 0.884500 -0.000000 0.000000 0.000000 0.000000 0.000000 0.000000
180.000000 280.000000 0.926167 -0.000000 0.000000 0.000000 0.000000 0.000000 0.000000
